 / Интенсивности производимого в узлах сети трафика / 
729.3 490.7 196.6 452.2 833.7 238.3 996.1 851.8 466.7 869.5 737.6 547.3 345.2 964.3 587 822.7 273.1 942.5 691.2 618.3 

 / Коэффициенты распределения трафика по направлениям связи / 
0.0576334942824855185 0.0387779454880236445 0.0155364664417066405 0.0357354533313313472 0.0658837847021913846 0.0188318410633707652 0.0787175697995116207 0.0673141511446882828 0.0368813270007349397 0.0687129072790637027 0.0582894081760061956 0.0432508040872128401 0.0272796959088358714 0.0762045503038540868 0.0463881271682695727 0.0650145012288507282 0.0215819378699393872 0.0744817885112335132 0.0546226124339146996 0.0488616337787752586 

 / Матрица интенсивностей трафика в направлениях связи / 
42.0321073802166887 28.2807556444156439 11.3307449759366529 26.0618661145399515 48.0490441833081768 13.7340616875162991 57.408723654783825 49.0922104298211647 26.8975517816359915 50.1123232786211584 42.5104653827613185 31.5428114208043243 19.895082226314001 55.5759785366007855 33.8308611438189994 47.4150757462008361 15.7397072885467951 54.3195683612426012 39.8362712480539904 35.6347895148607961 
28.2807556444156439 19.0283378509732024 7.62374408294544851 17.535386949684292 32.3291731533653124 9.24078440979603449 38.6267115006203523 33.0310539666985404 18.0976671592606349 33.7174236018365589 28.6026125919662402 21.2231695655953406 13.3861467824657621 37.3935728341012004 22.7626540014698793 31.9026157529970523 10.5902569127792573 36.548213622462285 26.8033159213219431 23.9764036952450194 
11.3307449759366529 7.62374408294544851 3.05446930243952553 7.02559012493974285 12.9527520724508262 3.70233995305869244 15.4758742225839846 13.2339621150457164 7.25086888834448914 13.5089575710639239 11.4596976474028181 8.50310808354604437 5.36318821567713231 14.9818145897377135 9.11990580128179799 12.7818509415920532 4.24300898523008353 14.6431196213085087 10.7388056045076299 9.60619720090721584 
26.0618661145399515 17.535386949684292 7.02559012493974285 16.1595719964280352 29.7926474423309441 8.51575852885626003 35.5960850633391549 30.4394591476280415 16.6777360697323397 31.0719766715926063 26.3584703771900017 19.5580136082376463 12.335878489975581 34.4596976474028181 20.9767111054915008 29.3995574556862993 9.75935230478659091 33.6806647647797947 24.7003453426162272 22.0952307947621719 
48.0490441833081768 32.3291731533653124 12.9527520724508262 29.7926474423309441 54.9273113062169573 15.700105894532207 65.6268379418528382 56.1198078093266214 30.7479623205127192 57.2859507985554089 48.5958795963363653 36.0581953675093448 22.743082479196466 63.5317335883231522 38.6737816201863428 54.2025896744928521 17.9928616021684671 62.09546708181538 45.538871986154685 40.7359440813649331 
13.7340616875162991 9.24078440979603449 3.70233995305869244 8.51575852885626003 15.700105894532207 4.48762772540125335 18.7583968832236192 16.0409622177792178 8.78882022427513612 16.3742858046008803 13.8903659683422764 10.3066666139828198 6.50075153507558815 18.1595443374084289 11.0542907041986392 15.4929556428351285 5.14297579440655598 17.7490102022269462 13.0165685430018729 11.6437273294821441 
57.408723654783825 38.6267115006203523 15.4758742225839846 35.5960850633391549 65.6268379418528382 18.7583968832236192 78.4105712772935254 67.0516259552239985 36.7374898254320734 68.4449269406753542 58.0620794841197715 43.08212595127271 27.1733050947914115 75.9073525576690559 46.2072134723133214 64.7609446740582104 21.4977683122466236 74.1913095360397025 54.4095842454224323 48.6710734070380351 
49.0922104298211647 33.0310539666985404 13.2339621150457164 30.4394591476280415 56.1198078093266214 16.0409622177792178 67.0516259552239985 57.3381939450454793 31.4155143392260216 58.5296544203064619 49.6509178843220774 36.8410349214878972 23.2368449751463952 64.9110359488229111 39.513406721932022 55.3793521467350503 18.38349467761437 63.4435874538687066 46.5275412712085411 41.6203396527607653 
26.8975517816359915 18.0976671592606349 7.25086888834448914 16.6777360697323397 30.7479623205127192 8.78882022427513612 36.7374898254320734 31.4155143392260216 17.2125153112429963 32.06831382713903 27.2036667957420915 20.1851502675022325 12.7314340806537012 35.5646636268087023 21.6493389494314096 30.3422677235046349 10.072290403900712 34.7606506981926806 25.4923732229079903 22.8037244845544132 
50.1123232786211584 33.7174236018365589 13.5089575710639239 31.0719766715926063 57.2859507985554089 16.3742858046008803 68.4449269406753542 58.5296544203064619 32.06831382713903 59.7458728791458895 50.6826404090373871 37.6065741538315645 23.7196955927327902 66.2598564892011285 40.3344765728103935 56.5301088184857082 18.7654949779122972 64.7619151105175398 47.4943615112888313 42.4851905706450874 
42.5104653827613185 28.6026125919662402 11.4596976474028181 26.3584703771900017 48.5958795963363653 13.8903659683422764 58.0620794841197715 49.6509178843220774 27.2036667957420915 50.6826404090373871 42.9942674706221699 31.9017930947281909 20.1215037023573387 56.2084763041227744 34.2158825993156368 47.9546961064002971 15.918837372867292 54.9377672058858394 40.2896389312554824 36.0403410752246308 
31.5428114208043243 21.2231695655953406 8.50310808354604436 19.5580136082376463 36.0581953675093448 10.3066666139828198 43.08212595127271 36.8410349214878972 20.1851502675022325 37.6065741538315645 31.9017930947281909 23.6711650769315874 14.9301775709058724 41.7067503812993417 25.3882219991939371 35.5824365225500036 11.8117945962178266 40.7638828521981018 29.8949557850815151 26.741972167123699 
19.895082226314001 13.3861467824657621 5.36318821567713231 12.335878489975581 22.743082479196466 6.50075153507558815 27.1733050947914115 23.2368449751463952 12.7314340806537012 23.7196955927327902 20.1215037023573387 14.9301775709058724 9.4169510277301428 26.3058107648904308 16.0131814984866565 22.4430058241992714 7.45008495270307647 25.7111133940778088 18.8557258121873543 16.8670359804332193 
55.5759785366007855 37.3935728341012004 14.9818145897377135 34.4596976474028181 63.5317335883231522 18.1595443374084289 75.9073525576690559 64.9110359488229111 35.5646636268087023 66.2598564892011285 56.2084763041227744 41.7067503812993417 26.3058107648904308 73.4840478580064959 44.732071028362349 62.6934835349807572 20.8114626879825511 71.8227886613824768 52.6725851700239448 47.1172734528729819 
33.8308611438189994 22.7626540014698793 9.11990580128179799 20.9767111054915008 38.6737816201863428 11.0542907041986392 46.2072134723133214 39.513406721932022 21.6493389494314096 40.3344765728103935 34.2158825993156368 25.3882219991939371 16.0131814984866565 44.732071028362349 27.2298306477742392 38.1635122213353775 12.6685975296544203 43.7208098560940723 32.0634734987079287 28.6817790281410768 
47.4150757462008361 31.9026157529970523 12.7818509415920532 29.3995574556862993 54.2025896744928521 15.4929556428351285 64.7609446740582104 55.3793521467350503 30.3422677235046349 56.5301088184857082 47.9546961064002971 35.5824365225500036 22.4430058241992714 62.6934835349807572 38.1635122213353775 53.4874301609754941 17.7554602855991339 61.2761674081918113 44.9380232493816233 40.1984661097984053 
15.7397072885467951 10.5902569127792573 4.24300898523008353 9.75935230478659091 17.9928616021684671 5.14297579440655598 21.4977683122466236 18.38349467761437 10.072290403900712 18.7654949779122972 15.918837372867292 11.8117945962178266 7.45008495270307647 20.8114626879825511 12.6685975296544203 17.7554602855991339 5.89402723228044665 20.3409764424178725 14.9174354557021045 13.3441121849835231 
54.3195683612426012 36.548213622462285 14.6431196213085087 33.6806647647797947 62.09546708181538 17.7490102022269462 74.1913095360397025 63.4435874538687066 34.7606506981926806 64.7619151105175398 54.9377672058858394 40.7638828521981018 25.7111133940778088 71.8227886613824768 43.7208098560940723 61.2761674081918114 20.3409764424178725 70.1990856718375862 51.4818122189646044 46.0520898364956812 
39.8362712480539904 26.8033159213219431 10.7388056045076299 24.7003453426162272 45.538871986154685 13.0165685430018729 54.4095842454224323 46.5275412712085411 25.4923732229079903 47.4943615112888313 40.2896389312554824 29.8949557850815151 18.8557258121873543 52.6725851700239448 32.0634734987079287 44.9380232493816233 14.9174354557021045 51.4818122189646044 37.7551497143218404 33.7731612678894587 
35.6347895148607961 23.9764036952450194 9.60619720090721584 22.0952307947621719 40.7359440813649331 11.6437273294821441 48.6710734070380351 41.6203396527607653 22.8037244845544132 42.4851905706450874 36.0403410752246308 26.741972167123699 16.8670359804332193 47.1172734528729819 28.6817790281410768 40.1984661097984053 13.3441121849835231 46.0520898364956812 33.7731612678894588 30.2111481654167424 

 / Матрица кратчайших расстояний между вершинами графа / 
0 12.646311521 29.491651061 14.95862603 9.631830454 23.761814831 33.892983201 29.50044274 8.652406931 22.206449507 11.19919419 1.879173517 16.703987117 11.953592297 10.756969452 4.959821701 30.65932989 18.145167825 13.916742802 44.137632851 
12.646311521 0 16.84533954 27.604937551 22.278141975 26.48848295 21.24667168 42.146754261 21.298718452 34.852761028 23.845505711 10.767138004 25.591951604 20.841556784 19.644933939 7.68648982 33.385998009 30.791479346 26.563054323 49.93152619 
29.491651061 16.84533954 0 23.34449291 39.123481515 43.33382249 4.40133214 58.992093801 31.87640309 30.592316387 40.690845251 27.612477544 42.437291144 37.686896324 36.490273479 24.53182936 50.231337549 47.636818886 43.408393863 33.08618665 
14.95862603 27.604937551 23.34449291 0 24.590456484 38.720440861 18.94316077 44.45906877 23.611032961 7.247823477 26.15782022 16.837799547 31.662613147 26.912218327 25.715595482 19.918447731 33.180153367 33.103793855 28.875368832 33.533918857 
9.631830454 22.278141975 39.123481515 24.590456484 0 31.933432817 36.46512628 39.132273194 18.284237385 31.838279961 20.831024644 11.511003971 26.335817571 21.585422751 20.388799906 14.591652155 25.035917758 14.076304436 4.284912348 53.769463305 
23.761814831 26.48848295 43.33382249 38.720440861 31.933432817 0 47.73515463 53.262257571 32.414221762 32.829844949 34.961009021 21.882641314 34.022927289 31.957060094 30.760437249 18.80199313 6.897515059 37.439912557 27.648520469 48.595833779 
33.892983201 21.24667168 4.40133214 18.94316077 36.46512628 47.73515463 0 63.393425941 36.27773523 26.190984247 45.092177391 32.013809684 46.838623284 42.088228464 40.891605619 28.9331615 52.123314137 45.98878026 40.750038628 37.48751879 
29.50044274 42.146754261 58.992093801 44.45906877 39.132273194 53.262257571 63.393425941 0 35.22233367 51.706892247 40.69963693 31.379616257 46.204429857 41.454035037 40.257412192 34.460264441 60.15977263 47.645610565 43.417185542 70.70755959 
8.652406931 21.298718452 31.87640309 23.611032961 18.284237385 32.414221762 36.27773523 35.22233367 0 30.858856438 19.851601121 10.531580448 25.356394048 20.605999228 19.409376383 13.612228632 39.311736821 26.797574756 22.569149733 35.48522592 
22.206449507 34.852761028 30.592316387 7.247823477 31.838279961 32.829844949 26.190984247 51.706892247 30.858856438 0 33.324289325 24.085623024 38.910436624 28.29005122 32.963418959 27.166271208 25.93232989 26.37831569 36.123192309 26.28609538 
11.19919419 23.845505711 40.690845251 26.15782022 20.831024644 34.961009021 45.092177391 40.69963693 19.851601121 33.324289325 0 13.078367707 27.903181307 22.19846845 11.68139577 16.159015891 37.488371133 6.945973635 16.737365723 50.84255338 
1.879173517 10.767138004 27.612477544 16.837799547 11.511003971 21.882641314 32.013809684 31.379616257 10.531580448 24.085623024 13.078367707 0 14.8248136 10.07441878 8.877795935 3.080648184 28.780156373 20.024341342 15.795916319 46.016806368 
16.703987117 25.591951604 42.437291144 31.662613147 26.335817571 34.022927289 46.838623284 46.204429857 25.356394048 38.910436624 27.903181307 14.8248136 0 24.89923238 23.702609535 17.905461784 27.12541223 34.849154942 30.620729919 60.841619968 
11.953592297 20.841556784 37.686896324 26.912218327 21.585422751 31.957060094 42.088228464 41.454035037 20.605999228 28.29005122 22.19846845 10.07441878 24.89923238 0 18.952214715 13.155066964 38.854575153 29.144442085 25.870335099 54.5761466 
10.756969452 19.644933939 36.490273479 25.715595482 20.388799906 30.760437249 40.891605619 40.257412192 19.409376383 32.963418959 11.68139577 8.877795935 23.702609535 18.952214715 0 11.958444119 37.657952308 18.627369405 24.673712254 54.894602303 
4.959821701 7.68648982 24.53182936 19.918447731 14.591652155 18.80199313 28.9331615 34.460264441 13.612228632 27.166271208 16.159015891 3.080648184 17.905461784 13.155066964 11.958444119 0 25.699508189 23.104989526 18.876564503 49.097454552 
30.65932989 33.385998009 50.231337549 33.180153367 25.035917758 6.897515059 52.123314137 60.15977263 39.311736821 25.93232989 37.488371133 28.780156373 27.12541223 38.854575153 37.657952308 25.699508189 0 30.542397498 20.75100541 41.69831872 
18.145167825 30.791479346 47.636818886 33.103793855 14.076304436 37.439912557 45.98878026 47.645610565 26.797574756 26.37831569 6.945973635 20.024341342 34.849154942 29.144442085 18.627369405 23.104989526 30.542397498 0 9.791392088 52.66441107 
13.916742802 26.563054323 43.408393863 28.875368832 4.284912348 27.648520469 40.750038628 43.417185542 22.569149733 36.123192309 16.737365723 15.795916319 30.620729919 25.870335099 24.673712254 18.876564503 20.75100541 9.791392088 0 58.054375653 
44.137632851 49.93152619 33.08618665 33.533918857 53.769463305 48.595833779 37.48751879 70.70755959 35.48522592 26.28609538 50.84255338 46.016806368 60.841619968 54.5761466 54.894602303 49.097454552 41.69831872 52.66441107 58.054375653 0 

 / Матрица кратчайших маршрутов между вершинами графа / 
1 12 12 4 5 12 12 8 9 4 11 12 12 12 12 12 12 11 5 9 
16 2 3 16 16 16 3 16 16 16 16 16 16 16 16 16 16 16 16 3 
2 2 3 7 2 2 7 2 9 7 2 2 2 2 2 2 2 2 2 20 
1 1 7 4 1 1 7 1 1 10 1 1 1 1 1 1 10 1 1 10 
1 1 1 1 5 19 7 1 1 1 1 1 1 1 1 1 19 19 19 1 
16 16 16 16 17 6 16 16 16 17 16 16 17 16 16 16 17 17 17 17 
3 3 3 4 5 3 7 3 3 4 3 3 3 3 3 3 4 18 5 3 
1 1 1 1 1 1 1 8 9 1 1 1 1 1 1 1 1 1 1 9 
1 1 3 1 1 1 3 8 9 1 1 1 1 1 1 1 1 1 1 20 
4 4 4 4 4 17 4 4 4 10 18 4 4 14 4 4 17 18 4 20 
1 1 1 1 1 1 1 1 1 18 11 1 1 14 15 1 18 18 18 20 
1 16 16 1 1 16 16 1 1 1 1 12 13 14 15 16 16 1 1 1 
12 12 12 12 12 17 12 12 12 12 12 12 13 12 12 12 17 12 12 12 
12 12 12 12 12 12 12 12 12 10 11 12 12 14 12 12 12 11 12 10 
12 12 12 12 12 12 12 12 12 12 11 12 12 12 15 12 12 11 12 12 
12 2 2 12 12 6 2 12 12 12 12 12 12 12 12 16 6 12 12 12 
6 6 6 10 19 6 10 6 6 10 19 6 13 6 6 6 17 19 19 20 
11 11 11 11 19 19 7 11 11 10 11 11 11 11 11 11 19 18 19 10 
5 5 5 5 5 17 5 5 5 5 18 5 5 5 5 5 17 18 19 5 
9 3 3 10 9 17 3 9 9 10 11 9 9 10 9 9 17 10 9 20 

 / Матрица интенсивностей нагрузок на линиях связи / 
42.0321073802166887 0 0 767.891075619759603 1005.60948309243644 0 0 721.425952062967734 573.913035300811595 0 771.459116807991086 2154.38018270758094 0 0 0 0 0 0 0 0 
0 19.0283378509732024 661.692925613042413 0 0 0 0 0 0 0 0 0 0 0 0 992.91086920444757 0 0 0 0 
0 661.692925613042413 3.05446930243952553 0 0 0 618.457464379134036 0 43.9883587137765625 0 0 0 0 0 0 0 0 0 0 82.2536743031902703 
767.891075619759604 0 0 16.1595719964280352 0 0 146.0733280122648 0 0 603.777095170735177 0 0 0 0 0 0 0 0 0 0 
1005.60948309243644 0 0 0 54.9273113062169573 0 120.03642218727527 0 0 0 0 0 0 0 0 0 0 0 629.52782971527015 0 
0 0 0 0 0 4.48762772540125335 0 0 0 0 0 0 0 0 0 269.761020538797702 208.203498470851345 0 0 0 
0 0 618.457464379134036 146.0733280122648 120.03642218727527 0 78.4105712772935254 0 0 0 0 0 0 0 0 0 0 74.1913095360397025 0 0 
721.425952062967734 0 0 0 0 0 0 57.3381939450454793 73.0358539919867869 0 0 0 0 0 0 0 0 0 0 0 
573.913035300811595 0 43.9883587137765625 0 0 0 0 73.0358539919867869 17.2125153112429963 0 0 0 0 0 0 0 0 0 0 287.057212286926767 
0 0 0 603.777095170735177 0 0 0 0 0 59.7458728791458895 0 0 0 113.37712994207411 0 0 66.3969013995463921 161.496645356050608 0 157.749784654775922 
771.459116807991086 0 0 0 0 0 0 0 0 0 42.9942674706221699 0 0 128.031264965505251 77.9366924554097091 0 0 642.519450612844849 0 36.0403410752246308 
2154.38018270758094 0 0 0 0 0 0 0 0 0 0 23.6711650769315874 321.832212484491193 649.407557234414142 481.833476896816052 1653.42723069993125 0 0 0 0 
0 0 0 0 0 0 0 0 0 0 0 321.832212484491193 9.4169510277301428 0 0 0 13.9508364877786646 0 0 0 
0 0 0 0 0 0 0 0 0 113.37712994207411 128.031264965505251 649.407557234414142 0 73.4840478580064959 0 0 0 0 0 0 
0 0 0 0 0 0 0 0 0 0 77.9366924554097091 481.833476896816052 0 0 27.2298306477742392 0 0 0 0 0 
0 992.91086920444757 0 0 0 269.761020538797702 0 0 0 0 0 1653.42723069993125 0 0 0 53.4874301609754941 0 0 0 0 
0 0 0 0 0 208.203498470851345 0 0 0 66.3969013995463921 0 0 13.9508364877786646 0 0 0 5.89402723228044665 0 115.635795512916762 24.9878395144656673 
0 0 0 0 0 0 74.1913095360397025 0 0 161.496645356050608 642.519450612844849 0 0 0 0 0 0 70.1990856718375862 207.875742249547577 0 
0 0 0 0 629.52782971527015 0 0 0 0 0 0 0 0 0 0 0 115.635795512916762 207.875742249547577 37.7551497143218404 0 
0 0 82.2536743031902703 0 0 0 0 0 287.057212286926767 157.749784654775922 36.0403410752246308 0 0 0 0 0 24.9878395144656673 0 0 30.2111481654167424 

 / Матрица потоков / 
52 0 0 779 1014 0 0 733 587 0 783 2145 0 0 0 0 0 0 0 0 
0 27 674 0 0 0 0 0 0 0 0 0 0 0 0 1002 0 0 0 0 
0 674 8 0 0 0 631 0 54 0 0 0 0 0 0 0 0 0 0 95 
779 0 0 24 0 0 160 0 0 617 0 0 0 0 0 0 0 0 0 0 
1014 0 0 0 66 0 133 0 0 0 0 0 0 0 0 0 0 0 642 0 
0 0 0 0 0 10 0 0 0 0 0 0 0 0 0 285 223 0 0 0 
0 0 631 160 133 0 91 0 0 0 0 0 0 0 0 0 0 86 0 0 
733 0 0 0 0 0 0 69 85 0 0 0 0 0 0 0 0 0 0 0 
587 0 54 0 0 0 0 85 25 0 0 0 0 0 0 0 0 0 0 302 
0 0 0 617 0 0 0 0 0 71 0 0 0 127 0 0 78 176 0 172 
783 0 0 0 0 0 0 0 0 0 53 0 0 142 90 0 0 655 0 46 
2145 0 0 0 0 0 0 0 0 0 0 32 337 662 496 1652 0 0 0 0 
0 0 0 0 0 0 0 0 0 0 0 337 16 0 0 0 21 0 0 0 
0 0 0 0 0 0 0 0 0 127 142 662 0 85 0 0 0 0 0 0 
0 0 0 0 0 0 0 0 0 0 90 496 0 0 36 0 0 0 0 0 
0 1002 0 0 0 285 0 0 0 0 0 1652 0 0 0 65 0 0 0 0 
0 0 0 0 0 223 0 0 0 78 0 0 21 0 0 0 12 0 129 34 
0 0 0 0 0 0 86 0 0 176 655 0 0 0 0 0 0 82 222 0 
0 0 0 0 642 0 0 0 0 0 0 0 0 0 0 0 129 222 48 0 
0 0 95 0 0 0 0 0 302 172 46 0 0 0 0 0 34 0 0 40 

 / Матрица интенсивности трафика ПД для линий связи / 
4451200 0 0 66682400 86798400 0 0 62744800 50247200 0 67024800 183612000 0 0 0 0 0 0 0 0 
0 2311200 57694400 0 0 0 0 0 0 0 0 0 0 0 0 85771200 0 0 0 0 
0 57694400 684800 0 0 0 54013600 0 4622400 0 0 0 0 0 0 0 0 0 0 8132000 
66682400 0 0 2054400 0 0 13696000 0 0 52815200 0 0 0 0 0 0 0 0 0 0 
86798400 0 0 0 5649600 0 11384800 0 0 0 0 0 0 0 0 0 0 0 54955200 0 
0 0 0 0 0 856000 0 0 0 0 0 0 0 0 0 24396000 19088800 0 0 0 
0 0 54013600 13696000 11384800 0 7789600 0 0 0 0 0 0 0 0 0 0 7361600 0 0 
62744800 0 0 0 0 0 0 5906400 7276000 0 0 0 0 0 0 0 0 0 0 0 
50247200 0 4622400 0 0 0 0 7276000 2140000 0 0 0 0 0 0 0 0 0 0 25851200 
0 0 0 52815200 0 0 0 0 0 6077600 0 0 0 10871200 0 0 6676800 15065600 0 14723200 
67024800 0 0 0 0 0 0 0 0 0 4536800 0 0 12155200 7704000 0 0 56068000 0 3937600 
183612000 0 0 0 0 0 0 0 0 0 0 2739200 28847200 56667200 42457600 141411200 0 0 0 0 
0 0 0 0 0 0 0 0 0 0 0 28847200 1369600 0 0 0 1797600 0 0 0 
0 0 0 0 0 0 0 0 0 10871200 12155200 56667200 0 7276000 0 0 0 0 0 0 
0 0 0 0 0 0 0 0 0 0 7704000 42457600 0 0 3081600 0 0 0 0 0 
0 85771200 0 0 0 24396000 0 0 0 0 0 141411200 0 0 0 5564000 0 0 0 0 
0 0 0 0 0 19088800 0 0 0 6676800 0 0 1797600 0 0 0 1027200 0 11042400 2910400 
0 0 0 0 0 0 7361600 0 0 15065600 56068000 0 0 0 0 0 0 7019200 19003200 0 
0 0 0 0 54955200 0 0 0 0 0 0 0 0 0 0 0 11042400 19003200 4108800 0 
0 0 8132000 0 0 0 0 0 25851200 14723200 3937600 0 0 0 0 0 2910400 0 0 3424000 

 / Матрица пропускных способностей / 
4467200 0 0 66698400 86814400 0 0 62760800 50263200 0 67040800 183628000 0 0 0 0 0 0 0 0 
0 2327200 57710400 0 0 0 0 0 0 0 0 0 0 0 0 85787200 0 0 0 0 
0 57710400 700800 0 0 0 54029600 0 4638400 0 0 0 0 0 0 0 0 0 0 8148000 
66698400 0 0 2070400 0 0 13712000 0 0 52831200 0 0 0 0 0 0 0 0 0 0 
86814400 0 0 0 5665600 0 11400800 0 0 0 0 0 0 0 0 0 0 0 54971200 0 
0 0 0 0 0 872000 0 0 0 0 0 0 0 0 0 24412000 19104800 0 0 0 
0 0 54029600 13712000 11400800 0 7805600 0 0 0 0 0 0 0 0 0 0 7377600 0 0 
62760800 0 0 0 0 0 0 5922400 7292000 0 0 0 0 0 0 0 0 0 0 0 
50263200 0 4638400 0 0 0 0 7292000 2156000 0 0 0 0 0 0 0 0 0 0 25867200 
0 0 0 52831200 0 0 0 0 0 6093600 0 0 0 10887200 0 0 6692800 15081600 0 14739200 
67040800 0 0 0 0 0 0 0 0 0 4552800 0 0 12171200 7720000 0 0 56084000 0 3953600 
183628000 0 0 0 0 0 0 0 0 0 0 2755200 28863200 56683200 42473600 141427200 0 0 0 0 
0 0 0 0 0 0 0 0 0 0 0 28863200 1385600 0 0 0 1813600 0 0 0 
0 0 0 0 0 0 0 0 0 10887200 12171200 56683200 0 7292000 0 0 0 0 0 0 
0 0 0 0 0 0 0 0 0 0 7720000 42473600 0 0 3097600 0 0 0 0 0 
0 85787200 0 0 0 24412000 0 0 0 0 0 141427200 0 0 0 5580000 0 0 0 0 
0 0 0 0 0 19104800 0 0 0 6692800 0 0 1813600 0 0 0 1043200 0 11058400 2926400 
0 0 0 0 0 0 7377600 0 0 15081600 56084000 0 0 0 0 0 0 7035200 19019200 0 
0 0 0 0 54971200 0 0 0 0 0 0 0 0 0 0 0 11058400 19019200 4124800 0 
0 0 8148000 0 0 0 0 0 25867200 14739200 3953600 0 0 0 0 0 2926400 0 0 3440000 

 / Матрица задержек / 
0 0.0193790928935241329 0.0237506775929776848 0.0150943396226415094 0.0137931034482758621 0.0245700458041655864 0.0311580850003850922 0.0137931034482758621 0.0137931034482758621 0.0200023150827642088 0.0150943396226415094 0.0047619047619047619 0.018555008210180624 0.0198562443845462713 0.018555008210180624 0.0107769423558897243 0.0301644513985711808 0.02032309779257615 0.0191985088536812675 0.021956368754398311 
0.0193790928935241329 0 0.00437158469945355191 0.0344734325161656423 0.033172196341799995 0.0223952539859102707 0.0117789921068609593 0.033172196341799995 0.033172196341799995 0.0393814079762883417 0.0344734325161656423 0.014617188131619371 0.0284102915798952331 0.0297115277542608804 0.0284102915798952331 0.0086021505376344086 0.0279896595803158651 0.0397021906861002829 0.0385776017472054004 0.0329430132708821233 
0.0237506775929776848 0.00437158469945355191 0 0.0284600389863547758 0.0375437810412535469 0.0267668386853638226 0.00740740740740740741 0.0375437810412535469 0.0285714285714285714 0.0333680144464774752 0.0388450172156191943 0.0189887728310729229 0.032781876279348785 0.0340831124537144324 0.032781876279348785 0.0129737352370879605 0.032361244279769417 0.0440737753855538348 0.0429491864466589523 0.0285714285714285714 
0.0150943396226415094 0.0344734325161656423 0.0284600389863547758 0 0.0288874430709173715 0.0396643854268070958 0.0210526315789473684 0.0288874430709173715 0.0288874430709173715 0.00490797546012269939 0.0301886792452830189 0.0198562443845462713 0.0336493478328221334 0.0349505840071877808 0.0336493478328221334 0.0258712819785312337 0.0259606070390700678 0.0354174374152176594 0.0342928484763227769 0.0235126266229133971 
0.0137931034482758621 0.033172196341799995 0.0375437810412535469 0.0288874430709173715 0 0.0296044621626016975 0.0285714285714285714 0.0275862068965517241 0.0275862068965517241 0.0337954185310400709 0.0288874430709173715 0.018555008210180624 0.032348111658456486 0.0336493478328221334 0.032348111658456486 0.0245700458041655864 0.0240100565681961031 0.0240100565681961031 0.00540540540540540541 0.0357494722026741731 
0.0245700458041655864 0.0223952539859102707 0.0267668386853638226 0.0396643854268070958 0.0296044621626016975 0 0.03417424609277123 0.0383631492524414484 0.0383631492524414484 0.0266470371733529628 0.0396643854268070958 0.0198081410422608245 0.0341658341658341658 0.0349024806649023339 0.0336012444905366865 0.0137931034482758621 0.00559440559440559441 0.0428037079199869898 0.0241990567571962921 0.0341658341658341658 
0.0311580850003850922 0.0117789921068609593 0.00740740740740740741 0.0210526315789473684 0.0285714285714285714 0.03417424609277123 0 0.0449511884486609543 0.0359788359788359788 0.0259606070390700678 0.0462524246230266017 0.0263961802384803303 0.0401892836867561924 0.0414905198611218398 0.0401892836867561924 0.0203811426444953679 0.0470132386180174362 0.0347826086956521739 0.0339768339768339768 0.0359788359788359788 
0.0137931034482758621 0.033172196341799995 0.0375437810412535469 0.0288874430709173715 0.0275862068965517241 0.0383631492524414484 0.0449511884486609543 0 0.0285714285714285714 0.0337954185310400709 0.0288874430709173715 0.018555008210180624 0.032348111658456486 0.0336493478328221334 0.032348111658456486 0.0245700458041655864 0.0439575548468470429 0.034116201240852012 0.0329916123019571295 0.0367346938775510204 
0.0137931034482758621 0.033172196341799995 0.0285714285714285714 0.0288874430709173715 0.0275862068965517241 0.0383631492524414484 0.0359788359788359788 0.0285714285714285714 0 0.0337954185310400709 0.0288874430709173715 0.018555008210180624 0.032348111658456486 0.0336493478328221334 0.032348111658456486 0.0245700458041655864 0.0439575548468470429 0.034116201240852012 0.0329916123019571295 0.00816326530612244898 
0.0200023150827642088 0.0393814079762883417 0.0333680144464774752 0.00490797546012269939 0.0337954185310400709 0.0266470371733529628 0.0259606070390700678 0.0337954185310400709 0.0337954185310400709 0 0.0294711824123588829 0.0247642198446689707 0.0385573232929448328 0.0210526315789473684 0.0385573232929448328 0.0307792574386539331 0.0210526315789473684 0.0242424242424242424 0.0392008239364454763 0.0186046511627906977 
0.0150943396226415094 0.0344734325161656423 0.0388450172156191943 0.0301886792452830189 0.0288874430709173715 0.0396643854268070958 0.0462524246230266017 0.0288874430709173715 0.0288874430709173715 0.0294711824123588829 0 0.0198562443845462713 0.0336493478328221334 0.0285714285714285714 0.0285714285714285714 0.0258712819785312337 0.0424380604955160359 0.00522875816993464052 0.0238334093327253382 0.0347826086956521739 
0.0047619047619047619 0.014617188131619371 0.0189887728310729229 0.0198562443845462713 0.018555008210180624 0.0198081410422608245 0.0263961802384803303 0.018555008210180624 0.018555008210180624 0.0247642198446689707 0.0198562443845462713 0 0.0137931034482758621 0.0150943396226415094 0.0137931034482758621 0.00601503759398496241 0.0254025466366664189 0.0250850025544809119 0.0239604136155860294 0.026718273516303073 
0.018555008210180624 0.0284102915798952331 0.032781876279348785 0.0336493478328221334 0.032348111658456486 0.0341658341658341658 0.0401892836867561924 0.032348111658456486 0.032348111658456486 0.0385573232929448328 0.0336493478328221334 0.0137931034482758621 0 0.0288874430709173715 0.0275862068965517241 0.0198081410422608245 0.0285714285714285714 0.0388781060027567739 0.0377535170638618914 0.040511376964578935 
0.0198562443845462713 0.0297115277542608804 0.0340831124537144324 0.0349505840071877808 0.0336493478328221334 0.0349024806649023339 0.0414905198611218398 0.0336493478328221334 0.0336493478328221334 0.0210526315789473684 0.0285714285714285714 0.0150943396226415094 0.0288874430709173715 0 0.0288874430709173715 0.0211093772166264718 0.0404968862593079283 0.033800186741363212 0.0390547532382275388 0.0396572827417380661 
0.018555008210180624 0.0284102915798952331 0.032781876279348785 0.0336493478328221334 0.032348111658456486 0.0336012444905366865 0.0401892836867561924 0.032348111658456486 0.032348111658456486 0.0385573232929448328 0.0285714285714285714 0.0137931034482758621 0.0275862068965517241 0.0288874430709173715 0 0.0198081410422608245 0.0391956500849422809 0.033800186741363212 0.0377535170638618914 0.040511376964578935 
0.0107769423558897243 0.0086021505376344086 0.0129737352370879605 0.0258712819785312337 0.0245700458041655864 0.0137931034482758621 0.0203811426444953679 0.0245700458041655864 0.0245700458041655864 0.0307792574386539331 0.0258712819785312337 0.00601503759398496241 0.0198081410422608245 0.0211093772166264718 0.0198081410422608245 0 0.0193875090426814565 0.0311000401484658743 0.0299754512095709918 0.0327333111102880354 
0.0301644513985711808 0.0279896595803158651 0.032361244279769417 0.0259606070390700678 0.0240100565681961031 0.00559440559440559441 0.0470132386180174362 0.0439575548468470429 0.0439575548468470429 0.0210526315789473684 0.0424380604955160359 0.0254025466366664189 0.0285714285714285714 0.0404968862593079283 0.0391956500849422809 0.0193875090426814565 0 0.0372093023255813953 0.0186046511627906977 0.0285714285714285714 
0.02032309779257615 0.0397021906861002829 0.0440737753855538348 0.0354174374152176594 0.0240100565681961031 0.0428037079199869898 0.0347826086956521739 0.034116201240852012 0.034116201240852012 0.0242424242424242424 0.00522875816993464052 0.0250850025544809119 0.0388781060027567739 0.033800186741363212 0.033800186741363212 0.0311000401484658743 0.0372093023255813953 0 0.0186046511627906977 0.0428470754052149401 
0.0191985088536812675 0.0385776017472054004 0.0429491864466589523 0.0342928484763227769 0.00540540540540540541 0.0241990567571962921 0.0339768339768339768 0.0329916123019571295 0.0329916123019571295 0.0392008239364454763 0.0238334093327253382 0.0239604136155860294 0.0377535170638618914 0.0390547532382275388 0.0377535170638618914 0.0299754512095709918 0.0186046511627906977 0.0186046511627906977 0 0.0411548776080795785 
0.021956368754398311 0.0329430132708821233 0.0285714285714285714 0.0235126266229133971 0.0357494722026741731 0.0341658341658341658 0.0359788359788359788 0.0367346938775510204 0.00816326530612244898 0.0186046511627906977 0.0347826086956521739 0.026718273516303073 0.040511376964578935 0.0396572827417380661 0.040511376964578935 0.0327333111102880354 0.0285714285714285714 0.0428470754052149401 0.0411548776080795785 0 

 / Матрица оптимизированных пропускных способностей / 
39027200 0 0 66788400 86914400 0 0 62860800 50363200 0 67130800 183948000 0 0 0 0 0 0 0 0 
0 2327200 58060400 0 0 0 0 0 0 0 0 0 0 0 0 85957200 0 0 0 0 
0 58060400 700800 0 0 0 54229600 0 4678400 0 0 0 0 0 0 0 0 0 0 8188000 
66788400 0 0 2070400 0 0 13772000 0 0 53141200 0 0 0 0 0 0 0 0 0 0 
86914400 0 0 0 5665600 0 11440800 0 0 0 0 0 0 0 0 0 0 0 55251200 0 
0 0 0 0 0 872000 0 0 0 0 0 0 0 0 0 24512000 19374800 0 0 0 
0 0 54229600 13772000 11440800 0 7805600 0 0 0 0 0 0 0 0 0 0 7407600 0 0 
62860800 0 0 0 0 0 0 5922400 7332000 0 0 0 0 0 0 0 0 0 0 0 
50363200 0 4678400 0 0 0 0 7332000 2156000 0 0 0 0 0 0 0 0 0 0 26047200 
0 0 0 53141200 0 0 0 0 0 6093600 0 0 0 10947200 0 0 6752800 15131600 0 14809200 
67130800 0 0 0 0 0 0 0 0 0 4552800 0 0 12211200 7760000 0 0 56374000 0 3983600 
183948000 0 0 0 0 0 0 0 0 0 0 2755200 28963200 56773200 42573600 141677200 0 0 0 0 
0 0 0 0 0 0 0 0 0 0 0 28963200 1385600 0 0 0 1853600 0 0 0 
0 0 0 0 0 0 0 0 0 10947200 12211200 56773200 0 7292000 0 0 0 0 0 0 
0 0 0 0 0 0 0 0 0 0 7760000 42573600 0 0 3097600 0 0 0 0 0 
0 85957200 0 0 0 24512000 0 0 0 0 0 141677200 0 0 0 5580000 0 0 0 0 
0 0 0 0 0 19374800 0 0 0 6752800 0 0 1853600 0 0 0 1043200 0 11128400 2966400 
0 0 0 0 0 0 7407600 0 0 15131600 56374000 0 0 0 0 0 0 7035200 19089200 0 
0 0 0 0 55251200 0 0 0 0 0 0 0 0 0 0 0 11128400 19089200 4124800 0 
0 0 8188000 0 0 0 0 0 26047200 14809200 3983600 0 0 0 0 0 2966400 0 0 3440000 

Оптимизированное T: 0.0635200000000000032
