Исходные данные варианта 	17

Матрица А 
36	37	36	41	42
38	35	34	37	36
37	42	37	39	40
36	37	44	38	37
41	42	41	40	34

Матрица B 
210
192
228
236
207

Транспонированная матрица A 
36	38	37	36	41
37	35	42	37	42
36	34	37	44	41
41	37	39	38	40
42	36	40	37	34

Транспонированная матрица B 
210	192	228	236	207

Обратная матрица A 
-1.63912e-01	2.55419e-01	-4.26180e-04	2.70928e-03	-7.04110e-02
-5.32725e-02	-9.74125e-02	1.53729e-01	-4.87062e-02	4.10959e-02
-4.82040e-02	-1.70015e-02	-1.83257e-02	1.16499e-01	-2.76712e-02
3.44718e-01	-2.42801e-01	-2.39330e-01	-1.21400e-01	2.44932e-01
-8.39574e-02	1.18478e-01	1.14277e-01	5.92390e-02	-1.91233e-01

Проверка обратной матрицы A 
1.000e+00	1.416e-15	4.163e-16	7.078e-16	-2.554e-15
7.216e-16	1.000e+00	6.106e-16	-2.776e-17	-1.554e-15
1.110e-16	-5.551e-16	1.000e+00	-2.776e-16	-1.332e-15
-9.853e-16	1.374e-15	4.302e-16	1.000e+00	-2.165e-15
-3.053e-16	1.527e-15	5.274e-16	3.192e-16	1.000e+00

Проверка матрицы A на ортогональность =[0] 
36.164		37.745		37.000		35.997		41.070
37.053		35.097		41.846		37.049		41.959
36.048		34.017		37.018		43.884		41.028
40.655		37.243		39.239		38.121		39.755
42.084		35.882		39.886		36.941		34.191

Матрица нормированных коэфф. С=Норм(Bt) 
0.409	  0	0.818	  1	0.341

Результат умнож. матриц Fcb=С*B= 	579.022727

Продолжаем вывод результатов модифицируя пример . . . 

k= 	11.000000

w= 	1.000000

