 / Интенсивности производимого в узлах сети трафика / 
644.9 743.8 337.3 930.4 299.3 941.5 686.7 879.9 382.3 222.6 878.2 125.4 710.8 767.4 277.6 850.8 188.8 295.7 831.8 196.4 

 / Коэффициенты распределения трафика по направлениям связи / 
0.0576235748239751 0.0664605597054934 0.0301386754351478 0.0831337789056078 0.0267432717395189 0.0841255941956467 0.0613585188891669 0.0786214660995747 0.034159548232603 0.0198899174380786 0.0784695664605597 0.0112048321955753 0.0635119196540262 0.0685692841059366 0.0248043175238572 0.0760213016905536 0.0168697952035455 0.0264216019157225 0.0743235998427392 0.0175488759426713 

 / Матрица интенсивностей трафика в направлениях связи / 
37.1614434039816 42.8604149540727 19.4364317881268 53.6129740162265 17.2467359448158 54.2525956967726 39.5701088316237 50.7029834876157 22.0294926552057 12.8270077558169 50.605023410415 7.22599628292648 40.9588369848815 44.2203313199185 15.9963043711355 49.026137460238 10.8793309267665 17.0392910754494 47.9312895385825 11.3172700954287 
42.8604149540727 49.433364308946 22.4171467886629 61.8349047499911 19.8916455198542 62.572616962722 45.6384663497623 58.4786464848637 25.4078719754101 14.7941205904428 58.3656635333643 8.33415418706887 47.2401658386647 51.0018335179956 18.449451374245 56.5446441974338 12.5477536723972 19.6523875049144 55.2818935630294 13.0528539261589 
19.4364317881268 22.4171467886629 10.1657752242754 28.0410236248615 9.02050555773973 28.3755629221916 20.696228421316 26.5190205153865 11.522015618857 6.7088691518639 26.4677847671468 3.77938989956753 21.422570499303 23.1284195289324 8.36649630079703 25.6419850602237 5.6901819221559 8.9120063261732 25.0693502269559 5.91923585546303 
53.6129740162265 61.8349047499911 28.0410236248615 77.3476678937775 24.8819400264484 78.2704528396297 57.0879659744809 73.1494120590443 31.7820436756139 18.5055791843883 73.0080846349048 10.4249758747632 59.091490046106 63.7968619321634 23.0779370241967 70.7302190928911 15.6956574573788 24.5826584223882 69.1506772936846 16.3274741770614 
17.2467359448158 19.8916455198542 9.02050555773973 24.8819400264484 8.00426123163802 25.1787903427571 18.3646047035276 23.5314048036027 10.2239527860181 5.95305228921691 23.4859412416455 3.35360627613567 19.0091175524501 20.5227867329068 7.42393223489045 22.7531755959827 5.04912970442117 7.90798545337575 22.2450534329318 5.25237856964152 
54.2525956967726 62.5726169627221 28.3755629221916 78.2704528396297 25.1787903427571 79.2042469352014 57.7690455341506 74.0221103327496 32.1612146609957 18.726357267951 73.879096822617 10.5493495121341 59.7964723542657 64.5579809857393 23.3532649487115 71.5740555416562 15.8829121841381 24.8759382036527 69.975669251939 16.522266700025 
39.5701088316237 45.6384663497623 20.696228421316 57.0879659744809 18.3646047035276 57.7690455341506 42.1348949211909 53.9893607705779 23.4573617713285 13.6584063047285 53.8850512884664 7.69435826870153 43.6136352264198 47.0865273955467 17.0331248436327 52.2038278709032 11.5844883662747 18.1437140355266 51.038016012009 12.0508131098324 
50.7029834876157 58.4786464848637 26.5190205153865 73.1494120590443 23.5314048036027 74.0221103327496 53.9893607705779 69.1790280210158 30.0569864898674 17.5011383537653 69.0453715286465 9.85913184888667 55.8841381035777 60.3341130848136 21.8253189892419 66.8911433575181 14.8437327995997 23.2483675256442 65.3973355016262 15.4412559419565 
22.0294926552057 25.4078719754101 11.522015618857 31.7820436756139 10.2239527860181 32.1612146609957 23.4573617713285 30.0569864898674 13.0591952893241 7.60391543657743 29.998915257872 4.28360734836842 24.2806068837342 26.2140373136996 9.4826905893706 29.0629436362987 6.44932270631545 10.1009784123807 28.4139122198792 6.70893527288323 
12.8270077558169 14.7941205904428 6.7088691518639 18.5055791843883 5.95305228921691 18.726357267951 13.6584063047285 17.5011383537653 7.60391543657743 4.42749562171629 17.4673254941206 2.49419564673505 14.1377533149862 15.2635226419815 5.52144108081061 16.9223417563172 3.75521641230923 5.88144858643983 16.5444333249937 3.90637978483863 
50.605023410415 58.3656635333643 26.4677847671468 73.0080846349048 23.4859412416455 73.879096822617 53.8850512884664 69.0453715286465 29.998915257872 17.4673254941206 68.9119732656635 9.84008363415419 55.7761678401658 60.2175453018335 21.7831516494514 66.7619071446442 14.8150541477537 23.2034508023875 65.2709853818936 15.4114228528539 
7.22599628292648 8.33415418706887 3.77938989956753 10.4249758747632 3.35360627613567 10.5493495121341 7.69435826870153 9.85913184888667 4.28360734836842 2.49419564673505 9.84008363415419 1.40508595732514 7.96439472461489 8.59858822688445 3.11046141749169 9.53307123199543 2.11547231852461 3.3132688802316 9.3201794202795 2.20062904321098 
40.9588369848815 47.2401658386647 21.4225704993031 59.091490046106 19.0091175524501 59.7964723542657 43.6136352264198 55.8841381035777 24.2806068837342 14.1377533149862 55.7761678401658 7.96439472461489 45.1442724900819 48.7390471424997 17.6309088959577 54.0359412416455 11.9910504306802 18.7804746416956 52.829214768219 12.4737410200508 
44.2203313199185 51.0018335179957 23.1284195289324 63.7968619321634 20.5227867329068 64.5579809857393 47.0865273955467 60.3341130848136 26.2140373136996 15.2635226419815 60.2175453018335 8.59858822688445 48.7390471424997 52.6200686228958 19.034833267808 58.3387469173309 12.9458808392008 20.2759373101255 57.0359305193181 13.4670073984059 
15.9963043711355 18.449451374245 8.36649630079703 23.0779370241967 7.42393223489045 23.3532649487115 17.0331248436327 21.8253189892419 9.4826905893706 5.52144108081061 21.7831516494514 3.11046141749169 17.6309088959577 19.034833267808 6.88567854462275 21.1035133492977 4.68305514850424 7.33463669180457 20.6322313163444 4.87156796168555 
49.026137460238 56.5446441974338 25.6419850602237 70.7302190928911 22.7531755959827 71.5740555416563 52.2038278709032 66.8911433575181 29.0629436362987 16.9223417563172 66.7619071446442 9.53307123199543 54.0359412416455 58.3387469173309 21.1035133492977 64.678923478323 14.3528217591765 22.4794989098967 63.2345187462025 14.9305836520247 
10.8793309267665 12.5477536723972 5.6901819221559 15.6956574573788 5.04912970442117 15.8829121841381 11.5844883662747 14.8437327995997 6.44932270631545 3.75521641230923 14.8150541477537 2.11547231852461 11.9910504306802 12.9458808392008 4.68305514850424 14.3528217591765 3.18501733442939 4.98839844168841 14.0322956503092 3.31322777797634 
17.0392910754494 19.6523875049144 8.9120063261732 24.5826584223882 7.90798545337575 24.8759382036527 18.1437140355266 23.2483675256442 10.1009784123807 5.88144858643983 23.2034508023875 3.3132688802316 18.7804746416956 20.2759373101255 7.33463669180457 22.4794989098967 4.98839844168841 7.81286768647914 21.977488473498 5.1892026162479 
47.9312895385825 55.2818935630294 25.0693502269559 69.1506772936846 22.2450534329318 69.975669251939 51.038016012009 65.3973355016262 28.4139122198792 16.5444333249937 65.2709853818936 9.3201794202795 52.829214768219 57.0359305193181 20.6322313163444 63.2345187462025 14.0322956503092 21.977488473498 61.8223703491905 14.597155009114 
11.3172700954287 13.0528539261589 5.91923585546303 16.3274741770614 5.25237856964152 16.522266700025 12.0508131098324 15.4412559419565 6.70893527288323 3.90637978483863 15.4114228528539 2.20062904321098 12.4737410200508 13.4670073984059 4.87156796168555 14.9305836520247 3.31322777797634 5.1892026162479 14.597155009114 3.44659923514064 

 / Матрица кратчайших расстояний между вершинами графа / 
0 45.85 36.61 61.91 59.51 47.55 50.47 20.1 20.95 35.15 34.75 33.95 54.65 65.15 54.3 46.2 65.87 47.81 40.82 47.05 
55.062 0 14.56 39.86 37.46 25.5 29.2 46.65 45.8 13.1 32 11.9 31.64 43.7 42.7 67.4 44.3 24.8 18.77 28.99 
40.502 14.56 0 25.3 22.9 13.86 17.56 38.51 37.66 1.46 23.86 2.66 18.04 57.1 31.26 55.76 32.96 11.2 4.21 17.35 
65.802 39.86 25.3 0 48.2 39.16 42.86 46 46.85 26.76 49.16 27.96 43.34 31.8 34.4 72.1 58.26 36.5 29.51 42.65 
63.402 37.46 22.9 48.2 0 33.9 27.1 50.7 51.55 24.36 46.76 25.56 40.94 58.8 16.5 45.7 33.9 34.1 27.11 30.52 
50.565 25.5 13.86 39.16 33.9 0 6.91 30.44 29.59 12.4 34.8 13.6 8.8 69.2 17.4 56.54 22.31 15.64 18.07 3.49 
50.495 29.2 17.56 42.86 27.1 6.91 0 30.37 29.52 16.1 38.5 17.3 15.71 72.9 24.31 56.47 15.4 22.55 21.77 3.42 
20.125 25.75 16.51 41.81 39.41 27.45 30.37 0 0.85 15.05 14.65 13.85 34.55 45.05 34.2 26.1 45.77 27.71 20.72 26.95 
20.975 24.9 15.66 40.96 38.56 26.6 29.52 0.85 0 14.2 13.8 13 33.7 44.2 35.05 26.95 44.92 26.86 19.87 26.1 
41.962 13.1 1.46 26.76 24.36 12.4 16.1 37.05 36.2 0 22.4 1.2 19.5 56.8 29.8 54.3 31.5 12.66 5.67 15.89 
34.775 32 23.86 49.16 46.76 34.8 38.5 14.65 13.8 22.4 0 21.2 41.9 58 48.85 40.75 53.9 35.06 28.07 38.29 
43.162 11.9 2.66 27.96 25.56 13.6 17.3 35.85 35 1.2 21.2 0 20.7 55.6 31 55.5 32.7 13.86 6.87 17.09 
56.916 31.64 18.04 43.34 40.94 8.8 15.71 39.24 38.39 19.5 41.9 20.7 0 75.14 26.2 58.9 17.8 6.84 22.25 12.29 
65.175 47.3 57.1 31.8 58.8 70.8 73.72 45.05 44.2 58.4 58 57.2 75.14 0 66.2 71.15 89.12 68.3 61.31 70.3 
54.325 42.7 31.26 34.35 16.5 17.4 24.31 34.2 35.05 29.8 48.85 31 26.2 66.15 0 60.3 39.71 33.04 33.6 20.89 
46.225 51.85 42.61 67.91 45.7 53.55 56.47 26.1 26.95 41.15 40.75 39.95 58.9 71.15 60.3 0 41.1 53.81 46.82 53.05 
65.895 44.3 32.96 58.26 33.9 22.31 15.4 45.77 44.92 31.5 53.9 32.7 17.8 88 39.71 41.1 0 24.64 37.17 18.82 
51.702 24.8 11.2 36.5 34.1 15.64 22.55 32.45 31.6 12.66 35.06 13.86 6.84 68.3 33.04 58.55 24.64 0 15.41 19.13 
44.712 18.77 4.21 29.51 27.11 18.07 21.77 38.95 38.1 5.67 28.07 6.87 22.25 61.31 33.6 59.97 37.17 15.41 0 21.56 
47.075 28.99 17.35 42.65 30.52 3.49 3.42 26.95 26.1 15.89 38.29 17.09 12.29 70.3 20.89 53.05 18.82 19.13 21.56 0 

 / Матрица кратчайших маршрутов между вершинами графа / 
1 8 8 8 8 8 8 8 8 8 8 8 8 8 8 8 8 8 8 8 
12 2 12 12 12 12 12 11 11 12 11 12 18 14 15 12 17 18 12 12 
1 10 3 4 5 10 10 10 10 10 10 10 18 4 10 10 10 18 19 10 
3 3 3 4 3 3 3 8 8 3 3 3 3 14 15 8 3 3 3 3 
3 3 3 3 5 15 7 15 15 3 3 3 3 14 15 16 17 3 3 7 
20 10 10 10 15 6 20 20 20 10 10 10 13 10 15 20 20 13 10 20 
20 10 10 10 5 20 7 20 20 10 10 10 20 10 20 20 17 20 10 20 
1 9 9 9 9 9 9 8 9 9 9 9 9 9 15 16 9 9 9 9 
8 12 12 12 12 12 20 8 9 12 11 12 12 14 8 8 20 12 12 20 
3 12 3 3 3 6 7 12 12 10 12 12 3 12 6 16 7 3 3 6 
9 2 12 12 12 12 12 9 9 12 11 12 12 9 9 9 12 12 12 12 
10 2 10 10 10 10 10 11 11 10 11 12 10 2 10 10 10 10 10 10 
1 18 18 18 18 6 6 6 6 18 18 18 13 18 6 17 17 18 18 6 
9 2 4 4 5 9 9 9 9 9 9 9 4 14 4 9 9 4 4 9 
8 2 6 4 5 6 6 8 8 6 8 6 6 4 15 8 6 6 19 6 
8 8 8 8 5 8 8 8 8 8 8 8 17 8 8 16 17 8 8 8 
7 2 7 7 5 7 7 7 7 7 7 7 13 2 7 16 17 13 7 7 
3 2 3 3 3 13 13 9 9 3 3 3 13 3 13 9 13 18 3 13 
3 3 3 3 3 3 3 9 9 3 3 3 3 3 15 3 3 3 19 3 
9 6 6 6 7 6 7 9 9 6 6 6 6 9 6 9 7 6 6 20 

 / Матрица интенсивностей нагрузок на линиях связи / 
37.1614434039816 0 0 0 0 0 0 607.738556596019 0 0 0 0 0 0 0 0 0 0 0 0 
0 49.433364308946 0 0 0 0 0 0 0 0 142.252181993638 403.222861789199 0 199.454333607348 18.449451374245 0 12.5477536723972 66.8925533435791 0 0 
218.180141356017 0 10.1657752242754 915.356867650738 186.750940884235 0 0 0 0 1045.51488795168 0 0 0 0 0 0 0 589.015718038529 749.345398334465 0 
0 0 739.695192823189 77.3476678937775 0 0 0 175.661674827549 0 0 0 0 0 232.011029700847 42.1127702920047 0 0 0 0 0 
0 0 152.995583294614 0 8.00426123163802 0 23.6169832731692 0 0 0 0 0 0 20.5227867329068 66.3580801672683 22.7531755959827 5.04912970442117 0 0 0 
0 0 0 0 0 79.2042469352014 0 0 0 495.320636012724 0 0 189.058249043926 0 117.083747632153 0 0 0 0 579.772137138568 
0 0 0 0 23.6169832731692 0 42.1348949211909 0 0 352.888897923443 0 0 0 0 0 0 136.685828657207 0 0 379.134952106937 
348.59957825512 0 0 0 0 0 0 69.1790280210158 1794.54483987991 0 0 0 0 0 90.1909789484971 523.1025769327 0 0 0 0 
0 0 0 0 0 0 0 1154.11226812967 13.0591952893241 0 298.411914292863 1351.84282497587 0 262.791781336002 0 0 0 0 0 323.290506272562 
0 0 1743.87573626649 0 0 727.330612244898 305.802370527896 0 0 4.42749562171629 0 994.528415954823 0 0 0 171.876560992173 0 0 0 0 
0 58.3656635333643 0 0 0 0 0 0 459.587261874978 0 68.9119732656635 452.51044890811 0 0 0 0 0 0 0 0 
0 622.615999499625 0 0 0 0 0 0 0 2049.68927409843 529.799278029951 1.40508595732514 0 0 0 0 0 0 0 0 
40.9588369848815 0 0 0 0 269.222994031238 0 0 0 0 0 0 45.1442724900819 0 0 0 71.0153901140141 405.522286357625 0 0 
0 51.0018335179957 0 232.011029700847 20.5227867329068 0 0 0 411.244281425355 0 0 0 0 52.6200686228958 0 0 0 0 0 0 
0 18.449451374245 0 42.1127702920047 32.6027225776475 117.083747632153 0 123.946336538118 0 0 0 0 0 0 6.88567854462275 0 0 0 20.6322313163444 0 
0 0 0 0 22.7531755959827 0 0 694.979137924872 0 0 0 0 0 0 0 64.678923478323 68.3887630008221 0 0 0 
0 25.493634511598 0 0 5.04912970442117 0 123.739947818006 0 0 0 0 0 71.0153901140141 0 0 68.3887630008221 3.18501733442939 0 0 0 
0 66.8925533435791 412.063291218414 0 0 0 0 0 55.8288448479217 0 0 0 526.645868329819 0 0 0 0 7.81286768647914 0 0 
0 0 655.53415061296 0 0 0 0 0 93.8112477215054 0 0 0 0 0 20.6322313163444 0 0 0 61.8223703491905 0 
0 0 0 0 0 267.597415919082 439.167360341685 0 575.4328192573 0 0 0 0 0 0 0 0 0 0 3.44659923514064 

 / Матрица потоков / 
47 0 0 0 0 0 0 621 0 0 0 0 0 0 0 0 0 0 0 0 
0 60 0 0 0 0 0 0 0 0 156 418 0 214 27 0 20 79 0 0 
233 0 17 379 201 0 0 0 0 333 0 0 0 0 0 0 0 602 528 0 
0 0 549 90 0 0 0 190 0 0 0 0 0 247 52 0 0 0 0 0 
0 0 167 0 14 0 32 0 0 0 0 0 0 29 78 31 10 0 0 0 
0 0 0 0 0 91 0 0 0 509 0 0 203 0 130 0 0 0 0 593 
0 0 0 0 32 0 53 0 0 368 0 0 0 0 0 0 150 0 0 394 
363 0 0 0 0 0 0 81 236 0 0 0 0 0 103 537 0 0 0 0 
0 0 0 0 0 0 0 307 20 0 313 276 0 278 0 0 0 0 0 338 
0 0 239 0 0 585 321 0 0 10 0 348 0 0 0 186 0 0 0 0 
0 70 0 0 0 0 0 0 474 0 81 467 0 0 0 0 0 0 0 0 
0 636 0 0 0 0 0 0 0 222 544 5 0 0 0 0 0 0 0 0 
51 0 0 0 0 284 0 0 0 0 0 0 56 0 0 0 83 420 0 0 
0 62 0 247 29 0 0 0 426 0 0 0 0 64 0 0 0 0 0 0 
0 27 0 52 42 130 0 137 0 0 0 0 0 0 13 0 0 0 29 0 
0 0 0 0 31 0 0 707 0 0 0 0 0 0 0 76 80 0 0 0 
0 34 0 0 10 0 137 0 0 0 0 0 83 0 0 80 8 0 0 0 
0 79 427 0 0 0 0 0 67 0 0 0 540 0 0 0 0 14 0 0 
0 0 668 0 0 0 0 0 107 0 0 0 0 0 29 0 0 0 73 0 
0 0 0 0 0 282 454 0 589 0 0 0 0 0 0 0 0 0 0 8 

 / Матрица интенсивности трафика ПД для линий связи / 
4023200 0 0 0 0 0 0 53157600 0 0 0 0 0 0 0 0 0 0 0 0 
0 5136000 0 0 0 0 0 0 0 0 13353600 35780800 0 18318400 2311200 0 1712000 6762400 0 0 
19944800 0 1455200 32442400 17205600 0 0 0 0 28504800 0 0 0 0 0 0 0 51531200 45196800 0 
0 0 46994400 7704000 0 0 0 16264000 0 0 0 0 0 21143200 4451200 0 0 0 0 0 
0 0 14295200 0 1198400 0 2739200 0 0 0 0 0 0 2482400 6676800 2653600 856000 0 0 0 
0 0 0 0 0 7789600 0 0 0 43570400 0 0 17376800 0 11128000 0 0 0 0 50760800 
0 0 0 0 2739200 0 4536800 0 0 31500800 0 0 0 0 0 0 12840000 0 0 33726400 
31072800 0 0 0 0 0 0 6933600 20201600 0 0 0 0 0 8816800 45967200 0 0 0 0 
0 0 0 0 0 0 0 26279200 1712000 0 26792800 23625600 0 23796800 0 0 0 0 0 28932800 
0 0 20458400 0 0 50076000 27477600 0 0 856000 0 29788800 0 0 0 15921600 0 0 0 0 
0 5992000 0 0 0 0 0 0 40574400 0 6933600 39975200 0 0 0 0 0 0 0 0 
0 54441600 0 0 0 0 0 0 0 19003200 46566400 428000 0 0 0 0 0 0 0 0 
4365600 0 0 0 0 24310400 0 0 0 0 0 0 4793600 0 0 0 7104800 35952000 0 0 
0 5307200 0 21143200 2482400 0 0 0 36465600 0 0 0 0 5478400 0 0 0 0 0 0 
0 2311200 0 4451200 3595200 11128000 0 11727200 0 0 0 0 0 0 1112800 0 0 0 2482400 0 
0 0 0 0 2653600 0 0 60519200 0 0 0 0 0 0 0 6505600 6848000 0 0 0 
0 2910400 0 0 856000 0 11727200 0 0 0 0 0 7104800 0 0 6848000 684800 0 0 0 
0 6762400 36551200 0 0 0 0 0 5735200 0 0 0 46224000 0 0 0 0 1198400 0 0 
0 0 57180800 0 0 0 0 0 9159200 0 0 0 0 0 2482400 0 0 0 6248800 0 
0 0 0 0 0 24139200 38862400 0 50418400 0 0 0 0 0 0 0 0 0 0 684800 

 / Матрица пропускных способностей / 
4039200 0 0 0 0 0 0 53173600 0 0 0 0 0 0 0 0 0 0 0 0 
0 5152000 0 0 0 0 0 0 0 0 13369600 35796800 0 18334400 2327200 0 1728000 6778400 0 0 
19960800 0 1471200 32458400 17221600 0 0 0 0 28520800 0 0 0 0 0 0 0 51547200 45212800 0 
0 0 47010400 7720000 0 0 0 16280000 0 0 0 0 0 21159200 4467200 0 0 0 0 0 
0 0 14311200 0 1214400 0 2755200 0 0 0 0 0 0 2498400 6692800 2669600 872000 0 0 0 
0 0 0 0 0 7805600 0 0 0 43586400 0 0 17392800 0 11144000 0 0 0 0 50776800 
0 0 0 0 2755200 0 4552800 0 0 31516800 0 0 0 0 0 0 12856000 0 0 33742400 
31088800 0 0 0 0 0 0 6949600 20217600 0 0 0 0 0 8832800 45983200 0 0 0 0 
0 0 0 0 0 0 0 26295200 1728000 0 26808800 23641600 0 23812800 0 0 0 0 0 28948800 
0 0 20474400 0 0 50092000 27493600 0 0 872000 0 29804800 0 0 0 15937600 0 0 0 0 
0 6008000 0 0 0 0 0 0 40590400 0 6949600 39991200 0 0 0 0 0 0 0 0 
0 54457600 0 0 0 0 0 0 0 19019200 46582400 444000 0 0 0 0 0 0 0 0 
4381600 0 0 0 0 24326400 0 0 0 0 0 0 4809600 0 0 0 7120800 35968000 0 0 
0 5323200 0 21159200 2498400 0 0 0 36481600 0 0 0 0 5494400 0 0 0 0 0 0 
0 2327200 0 4467200 3611200 11144000 0 11743200 0 0 0 0 0 0 1128800 0 0 0 2498400 0 
0 0 0 0 2669600 0 0 60535200 0 0 0 0 0 0 0 6521600 6864000 0 0 0 
0 2926400 0 0 872000 0 11743200 0 0 0 0 0 7120800 0 0 6864000 700800 0 0 0 
0 6778400 36567200 0 0 0 0 0 5751200 0 0 0 46240000 0 0 0 0 1214400 0 0 
0 0 57196800 0 0 0 0 0 9175200 0 0 0 0 0 2498400 0 0 0 6264800 0 
0 0 0 0 0 24155200 38878400 0 50434400 0 0 0 0 0 0 0 0 0 0 700800 

 / Матрица задержек / 
0 0.0336219129187104 0.0316285771296958 0.0425874812392848 0.0467229167523373 0.0396245791286963 0.0364246657214632 0.00707964601769911 0.0106670899638875 0.0258314756804204 0.0317197215428348 0.0209235002202977 0.0495557479980431 0.0349095142063117 0.0313220702601234 0.0221739856403406 0.0422217671707386 0.0443269898281085 0.0433932830120487 0.0273337566305541 
0.0455508119366213 0 0.0244981803576739 0.035457084467263 0.0395925199803154 0.0324941823566744 0.0373057300711893 0.0397344151477772 0.0361469712015889 0.0187010789083986 0.0210526315789474 0.0137931034482759 0.0338001867413632 0.010958904109589 0.0347826086956522 0.0429435031508228 0.0347826086956522 0.0285714285714286 0.0362628862400269 0.0421327365735419 
0.0210526315789474 0.0255751601653872 0 0.010958904109589 0.0150943396226415 0.020872749465975 0.0256842971804898 0.0411970852526718 0.0376096413064835 0.00707964601769911 0.0225153016838419 0.0128767474669745 0.0179271708683473 0.022723609991942 0.0359670890886165 0.0313220702601234 0.0314813986297652 0.0126984126984127 0.0117647058823529 0.0305113036828424 
0.0348457350272232 0.039368263613663 0.0137931034482759 0 0.0288874430709174 0.0346658529142508 0.0394774006287657 0.0285714285714286 0.0321588725176169 0.020872749465975 0.0363084051321178 0.0266698509152503 0.0317202743166232 0.0117647058823529 0.0285714285714286 0.0436657681940701 0.045274502078041 0.0264915161466886 0.0255578093306288 0.0443044071311183 
0.0396572827417381 0.0441798113281779 0.0186046511627907 0.0295635552723797 0 0.0336989907854322 0.0285714285714286 0.0372093023255814 0.0407967462717697 0.0256842971804898 0.0411199528466326 0.0314813986297652 0.036531822031138 0.0347826086956522 0.0186046511627907 0.0347826086956522 0.0347826086956522 0.0313030638612034 0.0303693570451436 0.0395303326810176 
0.04101875048411 0.0351621808143547 0.022463768115942 0.0334226722255311 0.0393367638650658 0 0.0187294633077766 0.0259244108614685 0.0223369669152802 0.0166666666666667 0.0321023223328095 0.022463768115942 0.0210526315789474 0.0461210849239438 0.0150943396226415 0.04101875048411 0.0245265647570519 0.0246400755251357 0.034228473998295 0.00963855421686747 
0.0423391003768316 0.0371001653104788 0.0244017526120661 0.0353606567216551 0.0285714285714286 0.0200498132004981 0 0.0272447607541901 0.0236573168080017 0.0186046511627907 0.0340403068289335 0.0244017526120661 0.0411024447794455 0.0480590694200678 0.0351441528231396 0.0423391003768316 0.00579710144927536 0.0446898887256338 0.036166458494419 0.010958904109589 
0.0150943396226415 0.0265422669010113 0.0245489311119967 0.0355078352215857 0.0396432707346382 0.0325449331109972 0.0293450197037641 0 0.00358744394618834 0.0187518296627213 0.0246400755251357 0.0138438542025986 0.042476101980344 0.0278298681886126 0.0242424242424242 0.0150943396226415 0.0351421211530395 0.0372473438104094 0.0363136369943496 0.020254110612855 
0.0186817835688299 0.022954822954823 0.0209614871658083 0.0319203912753974 0.0360558267884498 0.0289574891648088 0.0257575757575758 0.00358744394618834 0 0.015164385716533 0.0210526315789474 0.0102564102564103 0.0388886580341557 0.0242424242424242 0.0278298681886126 0.0186817835688299 0.0315546772068511 0.033659899864221 0.0327261930481613 0.0166666666666667 
0.0268497330282227 0.0184955141476881 0.00579710144927536 0.0167560055588644 0.0208914410719169 0.0137931034482759 0.0186046511627907 0.0341174392349727 0.0305299952887843 0 0.0154356556661428 0.00579710144927536 0.0237242723176227 0.0294544182572771 0.0288874430709174 0.0242424242424242 0.0244017526120661 0.0184955141476881 0.0175618073316283 0.0234316576651433 
0.0337761231914714 0.0347826086956522 0.0244981803576739 0.035457084467263 0.0395925199803154 0.0324941823566744 0.0373057300711893 0.0186817835688299 0.0150943396226415 0.0187010789083986 0 0.0137931034482759 0.0424253512260213 0.0393367638650658 0.0429242078112541 0.0337761231914714 0.0431028315204646 0.0371965930560866 0.0362628862400269 0.0421327365735419 
0.0317577084883454 0.0126984126984127 0.0107050769093981 0.0216639810189871 0.0257994165320396 0.0187010789083986 0.0235126266229134 0.0283203377856973 0.024732893839509 0.0049079754601227 0.00963855421686747 0 0.0286322477777454 0.0236573168080017 0.0337954185310401 0.0291503997025469 0.0293097280721888 0.0234034896078108 0.022469782791751 0.028339633125266 
0.0347826086956522 0.0321588725176169 0.022192095108979 0.0331509992185681 0.0372864347316205 0.0166666666666667 0.0353961299744432 0.0425910775281352 0.0390036335819468 0.0292717411266782 0.044707396792821 0.0350688425759535 0 0.044915705100921 0.0317610062893082 0.0452950558213716 0.0242424242424242 0.00358744394618834 0.033956800991332 0.0263052208835341 
0.0337761231914714 0.0347826086956522 0.0255578093306288 0.0117647058823529 0.0347826086956522 0.0440518287874503 0.0408519153802173 0.0186817835688299 0.0150943396226415 0.0302587253391745 0.0361469712015889 0.0253507498790518 0.0434849801989761 0 0.0403361344537815 0.0337761231914714 0.0466490168294926 0.0382562220290415 0.0373225152129817 0.0317610062893082 
0.0336989907854322 0.0347826086956522 0.0375581077385835 0.0285714285714286 0.0242424242424242 0.0150943396226415 0.0338238029304181 0.0186046511627907 0.022192095108979 0.0317610062893082 0.0432447266879264 0.0375581077385835 0.0361469712015889 0.0403361344537815 0 0.0336989907854322 0.0396209043796934 0.0397344151477772 0.0347826086956522 0.024732893839509 
0.024732893839509 0.0361808211178788 0.0341874853288641 0.0451463894384532 0.0347826086956522 0.0421834873278646 0.0389835739206316 0.00963855421686747 0.0132259981630558 0.0283903838795888 0.0342786297420032 0.0234824084194661 0.0452950558213716 0.0374684224054801 0.0338809784592917 0 0.0210526315789474 0.0468858980272768 0.0459521912112171 0.0298926648297225 
0.049746507784239 0.0285714285714286 0.0318091600194735 0.0427680641290625 0.0347826086956522 0.0274572206079055 0.00740740740740741 0.0346521681615975 0.0310647242154091 0.0260120585701981 0.0414477142363409 0.0318091600194735 0.0242424242424242 0.0395303326810176 0.042551560230547 0.0210526315789474 0 0.0278298681886126 0.0435738659018264 0.0183663115169964 
0.0396572827417381 0.0285714285714286 0.0186046511627907 0.0295635552723797 0.0336989907854322 0.0218954248366013 0.0406248881443779 0.0278298681886126 0.0242424242424242 0.0256842971804898 0.0411199528466326 0.0314813986297652 0.00522875816993464 0.0413282611547327 0.0369897644592428 0.0429242078112541 0.0294711824123589 0 0.0303693570451436 0.0315339790534688 
0.0348457350272232 0.039368263613663 0.0137931034482759 0.0247520075578649 0.0288874430709174 0.0346658529142508 0.0394774006287657 0.0321588725176169 0.0285714285714286 0.020872749465975 0.0363084051321178 0.0266698509152503 0.0317202743166232 0.0365167134402178 0.0347826086956522 0.0451151737083992 0.045274502078041 0.0264915161466886 0 0.0443044071311183 
0.0313801962672425 0.0442530899052638 0.0315546772068511 0.0425135813164402 0.0376623376623377 0.00909090909090909 0.00909090909090909 0.016285856644601 0.0126984126984127 0.0257575757575758 0.0411932314237186 0.0315546772068511 0.0301435406698565 0.0369408369408369 0.0241852487135506 0.0313801962672425 0.0148880105401845 0.0337309846160448 0.0433193830892041 0 

 / Матрица оптимизированных пропускных способностей / 
34299200 0 0 0 0 0 0 53383600 0 0 0 0 0 0 0 0 0 0 0 0 
0 5152000 0 0 0 0 0 0 0 0 13429600 35896800 0 18464400 2357200 0 1758000 6818400 0 0 
20020800 0 1471200 32588400 17311600 0 0 0 0 28730800 0 0 0 0 0 0 0 51657200 45332800 0 
0 0 47110400 7720000 0 0 0 16320000 0 0 0 0 0 21279200 4507200 0 0 0 0 0 
0 0 14381200 0 1214400 0 2795200 0 0 0 0 0 0 2528400 6762800 2699600 902000 0 0 0 
0 0 0 0 0 7805600 0 0 0 43666400 0 0 17452800 0 11234000 0 0 0 0 50926800 
0 0 0 0 2795200 0 4552800 0 0 31586800 0 0 0 0 0 0 13116000 0 0 33872400 
31178800 0 0 0 0 0 0 6949600 20647600 0 0 0 0 0 8882800 46073200 0 0 0 0 
0 0 0 0 0 0 0 26725200 1728000 0 26868800 23781600 0 23862800 0 0 0 0 0 29028800 
0 0 20734400 0 0 50192000 27563600 0 0 872000 0 30064800 0 0 0 15987600 0 0 0 0 
0 6038000 0 0 0 0 0 0 40680400 0 6949600 40091200 0 0 0 0 0 0 0 0 
0 54567600 0 0 0 0 0 0 0 19329200 46732400 444000 0 0 0 0 0 0 0 0 
4411600 0 0 0 0 24406400 0 0 0 0 0 0 4809600 0 0 0 7170800 36398000 0 0 
0 5353200 0 21279200 2528400 0 0 0 36571600 0 0 0 0 5494400 0 0 0 0 0 0 
0 2357200 0 4507200 3661200 11234000 0 11813200 0 0 0 0 0 0 1128800 0 0 0 2528400 0 
0 0 0 0 2699600 0 0 60685200 0 0 0 0 0 0 0 6521600 6924000 0 0 0 
0 2966400 0 0 902000 0 11943200 0 0 0 0 0 7170800 0 0 6924000 700800 0 0 0 
0 6818400 36637200 0 0 0 0 0 5801200 0 0 0 46530000 0 0 0 0 1214400 0 0 
0 0 57296800 0 0 0 0 0 9215200 0 0 0 0 0 2528400 0 0 0 6264800 0 
0 0 0 0 0 24315200 39038400 0 50544400 0 0 0 0 0 0 0 0 0 0 700800 

Оптимизированное T: 0.066420000000013
